00:01:07 2 3 0
00:01:19 1 2 0
00:01:34 0 1 0
00:03:19 0 1 0
00:04:12 3 1 2
00:04:28 1 3 1
00:05:05 0 1 0
00:05:10 0 3 2
00:06:14 2 0 2
00:06:43 3 0 0
00:07:40 1 3 2
00:08:58 3 0 0
00:09:25 1 2 0
00:10:00 3 1 1
00:10:22 1 3 2
00:11:08 0 3 2
00:11:41 2 1 2
00:13:07 1 0 2
00:13:27 2 1 2
00:15:08 3 1 1
00:15:35 3 0 0
00:15:57 0 3 2
00:15:57 3 0 0
00:16:22 3 2 2
00:17:33 1 0 2
00:17:52 3 0 0
00:18:00 0 3 2
00:18:19 1 0 2
00:20:00 3 0 0
00:20:43 0 3 2
00:20:51 3 2 2
00:21:11 0 1 0
00:22:20 1 3 2
00:23:17 0 2 2
00:23:31 3 1 1
00:25:27 1 3 1
00:25:47 2 0 1
00:26:42 3 0 0
00:26:51 3 2 2
00:27:36 2 1 2
00:27:39 1 3 1
00:27:48 1 3 2
00:27:51 3 0 0
00:27:51 3 0 0
00:28:25 1 2 0
00:29:03 3 1 1
00:29:06 3 1 1
00:29:49 2 1 2
00:30:03 1 3 2
00:30:09 2 1 2
00:30:14 2 0 2
00:31:33 2 3 0
00:31:45 3 1 1
00:33:30 0 3 2
00:34:04 3 2 2
00:34:13 0 2 2
00:34:39 0 1 0
00:35:56 0 1 0
00:36:07 0 1 0
00:39:39 0 3 2
00:40:02 3 0 0
00:40:22 3 2 2
00:40:50 2 3 0
00:40:50 0 1 0
00:42:02 1 0 2
00:42:08 0 1 0
00:45:10 1 0 2
00:45:15 3 1 2
00:46:03 0 1 0
00:46:07 0 2 2
00:46:37 1 0 2
00:47:41 3 0 0
00:48:07 2 0 1
00:49:26 0 2 1
00:49:37 1 0 2
00:49:56 0 2 2
00:50:28 1 2 0
00:51:48 2 1 2
00:51:51 2 3 0
00:53:41 2 1 2
00:54:09 1 0 2
00:57:32 0 1 0
00:58:00 2 3 0
00:58:53 2 0 1
00:59:02 0 2 2
00:59:20 2 0 1
00:59:36 3 2 2
01:01:01 0 3 2
01:01:24 0 2 2
01:02:44 3 2 2
01:02:57 2 0 2
01:03:15 3 1 1
01:03:38 0 3 2
01:03:56 0 1 0
01:04:04 1 0 2
01:05:11 2 3 0
01:06:26 0 1 0
01:06:40 3 0 0
01:07:04 3 0 0
01:07:19 0 2 1
01:07:38 3 1 1
01:08:14 3 1 1
01:09:14 0 1 0
01:10:21 0 1 0
01:10:21 2 0 1
01:11:07 3 0 0
01:11:41 1 0 2
01:12:04 2 1 2
01:13:03 0 3 2
01:13:09 0 1 0
01:13:20 3 0 0
01:14:33 0 3 2
01:15:32 3 0 0
01:16:26 0 2 2
01:17:09 1 3 2
01:17:16 0 2 1
01:17:42 0 3 2
01:18:33 1 3 2
01:19:05 2 1 2
01:19:46 0 3 2
01:19:59 1 3 1
01:20:00 1 2 0
01:20:27 3 0 0
01:20:33 0 1 0
01:21:42 1 2 0
01:22:00 1 3 2
01:22:31 2 1 2
01:22:54 2 3 0
01:22:59 2 1 2
01:25:02 0 3 2
01:25:36 3 2 2
01:25:39 0 2 2
01:26:10 1 2 0
01:29:11 0 3 2
01:29:32 1 3 1
01:30:29 1 3 1
01:31:45 2 3 0
01:32:26 2 1 2
01:32:58 0 2 2
01:33:44 2 3 0
01:34:11 2 1 2
01:34:19 3 1 1
01:34:49 1 0 2
01:34:54 0 2 2
01:35:48 1 3 2
01:36:00 3 0 0
01:36:08 0 3 2
01:36:15 1 3 2
01:36:27 0 3 2
01:37:32 0 2 1
01:38:27 1 2 0
01:39:05 2 3 0
01:39:30 0 1 0
01:44:02 3 1 1
01:44:08 0 1 0
01:44:40 2 0 1
01:44:41 0 2 2
01:44:45 2 1 2
01:45:04 1 0 2
01:45:06 0 2 2
01:45:23 3 2 2
01:45:37 0 1 0
01:50:31 3 0 0
01:51:39 2 1 2
01:51:45 3 2 2
01:51:50 2 1 2
01:52:06 0 2 2
01:52:12 0 3 2
01:52:15 2 0 1
01:54:10 0 3 2
01:54:34 3 0 0
01:55:47 2 0 1
01:57:26 2 0 1
01:57:32 2 1 2
01:57:52 0 1 0
01:58:33 2 3 0
01:59:28 0 2 2
01:59:33 2 0 1
02:00:04 0 2 2
02:01:51 3 0 0
02:01:52 1 3 1
02:02:08 3 1 1
02:02:08 1 0 2
02:02:23 0 3 2
02:02:52 0 3 2
02:03:02 3 1 2
02:03:10 3 2 2
02:04:16 0 3 2
02:05:40 1 0 2
02:07:06 2 3 0
02:07:26 0 3 2
02:08:22 3 0 0
02:09:40 0 1 0
02:10:54 1 3 1
02:10:54 2 1 2
02:11:23 3 1 2
02:12:25 3 0 0
02:13:38 0 1 0
02:14:31 1 3 2
02:16:06 0 1 0
02:17:30 1 3 1
02:18:01 3 0 0
02:18:52 3 1 1
02:19:22 2 1 2
02:19:24 1 3 2
02:19:41 3 0 0
02:19:49 2 0 1
02:20:31 1 2 0
02:20:34 3 2 2
02:20:49 3 2 2
02:20:58 2 3 0
02:21:20 3 1 2
02:22:42 3 1 2
02:22:47 1 2 0
02:22:55 3 2 2
02:23:46 1 0 2
02:24:35 2 1 2
02:24:39 2 0 1
02:26:43 1 0 2
02:31:19 1 2 0
02:31:43 3 1 1
02:34:13 3 0 0
02:35:00 0 3 2
02:35:53 1 3 1
02:35:54 1 0 2
02:35:59 0 3 2
02:37:52 3 0 0
02:38:06 2 3 0
02:38:10 3 1 1
02:40:38 3 0 0
02:40:47 0 2 1
02:41:32 0 1 0
02:42:59 2 0 1
02:43:27 2 1 2
02:43:36 2 0 2
02:46:34 2 1 2
02:47:47 1 2 0
02:47:55 2 3 0
02:48:28 2 0 2
02:48:53 3 0 0
02:49:38 2 0 1
02:50:09 3 2 2
02:50:43 3 0 0
02:51:19 2 0 2
02:52:18 0 1 0
02:52:34 0 1 0
02:53:38 3 0 0
02:53:46 1 2 0
02:54:19 2 3 0
02:54:39 3 0 0
02:55:01 3 1 1
02:55:48 2 1 2
02:56:04 0 1 0
02:57:21 0 3 2
02:58:11 3 2 2
02:58:36 1 3 2
02:58:39 0 2 2
02:58:52 1 2 0
03:00:51 1 2 0
03:00:55 1 3 2
03:01:49 0 1 0
03:02:02 2 0 1
03:02:30 0 2 1
03:03:06 0 3 2
03:03:35 0 2 1
03:03:41 3 0 0
03:03:50 2 3 0
03:04:03 2 0 2
03:05:15 0 2 1
03:05:57 0 1 0
03:06:09 1 0 2
03:06:26 2 3 0
03:07:34 0 2 1
03:07:50 0 3 2
03:08:04 2 0 2
03:09:02 1 3 2
03:09:14 0 1 0
03:09:54 2 0 2
03:10:04 0 2 1
03:10:24 3 0 0
03:12:22 2 3 0
03:12:45 3 1 2
03:12:54 2 0 2
03:13:48 1 3 1
03:16:13 3 1 2
03:17:25 2 3 0
03:17:27 0 3 2
03:17:54 0 3 2
03:18:51 0 3 2
03:21:09 1 0 2
03:21:35 1 3 1
03:22:09 2 0 1
03:22:20 1 3 1
03:22:43 3 0 0
03:22:44 3 2 2
03:23:59 1 2 0
03:24:48 3 1 1
03:24:55 1 3 1
03:26:02 0 1 0
03:26:24 1 0 2
03:26:57 0 3 2
03:27:15 0 1 0
03:27:21 3 0 0
03:27:40 2 3 0
03:27:59 1 3 2
03:28:14 3 0 0
03:29:02 1 3 2
03:29:13 2 1 2
03:30:10 0 3 2
03:30:49 0 1 0
03:30:53 3 0 0
03:31:28 0 3 2
03:32:02 2 1 2
03:32:04 2 3 0
03:33:00 2 1 2
03:33:06 1 2 0
03:33:27 3 0 0
03:33:30 2 3 0
03:33:33 2 1 2
03:34:56 1 3 2
03:35:46 3 1 1
03:35:54 3 1 2
03:36:31 2 1 2
03:37:13 0 2 1
03:37:15 3 0 0
03:38:17 2 0 1
03:38:44 0 3 2
03:39:25 3 0 0
03:39:36 1 2 0
03:39:42 2 3 0
03:39:42 2 3 0
03:39:45 1 2 0
03:41:16 2 0 2
03:41:35 2 1 2
03:41:35 3 2 2
03:41:56 1 2 0
03:42:07 2 0 1
03:42:59 1 2 0
03:43:03 3 2 2
03:44:06 3 1 1
03:46:44 3 0 0
03:47:28 2 3 0
03:48:19 0 2 1
03:48:33 1 2 0
03:48:52 2 3 0
03:49:29 0 2 2
03:49:35 2 0 2
03:49:46 1 0 2
03:50:06 0 2 2
03:50:56 3 0 0
03:51:17 2 0 1
03:51:31 1 0 2
03:52:10 2 0 2
03:52:28 0 2 2
03:52:41 3 2 2
03:53:28 1 2 0
03:54:22 3 0 0
03:55:11 1 0 2
03:55:24 2 1 2
03:55:35 0 3 2
03:57:10 3 1 2
03:57:30 1 2 0
03:58:13 1 3 1
03:58:47 2 0 2
03:59:10 2 3 0
03:59:25 0 2 1
03:59:34 2 0 2
03:59:53 1 0 2
04:00:23 3 1 1
04:02:08 3 1 2
04:02:25 2 1 2
04:02:37 0 3 2
04:02:42 3 1 2
04:02:49 3 0 0
04:03:09 2 0 2
04:07:22 0 1 0
04:08:24 1 0 2
04:09:31 1 2 0
04:10:22 0 2 2
04:10:45 3 0 0
04:10:50 3 0 0
04:11:08 2 3 0
04:11:46 2 1 2
04:11:47 1 3 1
04:12:09 3 1 1
04:12:15 3 1 1
04:13:28 2 3 0
04:13:40 3 1 2
04:13:41 1 0 2
04:14:53 2 0 1
04:15:33 1 2 0
04:15:38 3 2 2
04:16:06 1 3 1
04:17:24 0 1 0
04:18:33 3 0 0
04:22:03 0 1 0
04:23:35 3 1 1
04:23:36 2 0 1
04:25:44 2 3 0
04:26:31 1 3 2
04:26:43 1 2 0
04:27:11 0 1 0
04:28:06 2 0 1
04:28:14 1 0 2
04:29:12 2 3 0
04:29:33 2 0 1
04:29:35 1 0 2
04:29:42 0 1 0
04:29:46 0 3 2
04:31:12 0 2 2
04:32:00 3 0 0
04:32:24 1 0 2
04:32:45 3 2 2
04:32:58 2 0 1
04:33:15 0 2 1
04:33:17 2 0 2
04:34:18 2 1 2
04:34:35 2 3 0
04:34:46 1 3 2
04:34:47 1 3 2
04:35:07 2 1 2
04:35:10 0 2 1
04:37:03 1 0 2
04:37:50 1 0 2
04:38:54 0 3 2
04:39:42 0 2 1
04:39:54 2 1 2
04:40:04 1 3 2
04:40:46 3 2 2
04:41:33 2 3 0
04:41:34 2 3 0
04:41:56 0 3 2
04:43:00 1 3 1
04:43:28 0 1 0
04:44:08 3 0 0
04:47:36 0 1 0
04:48:28 3 2 2
04:49:21 0 1 0
04:49:37 0 2 2
04:49:39 0 3 2
04:49:53 0 3 2
04:50:09 1 2 0
04:50:47 0 1 0
04:51:29 0 3 2
04:51:45 3 2 2
04:52:52 2 0 1
04:53:04 3 2 2
04:55:00 2 0 1
04:56:35 3 1 2
04:56:58 2 0 1
04:57:25 1 0 2
04:57:25 3 2 2
04:58:11 2 1 2
04:59:52 0 2 2
05:00:17 1 2 0
05:00:42 2 3 0
05:00:52 3 2 2
05:01:07 1 2 0
05:01:38 1 3 1
05:02:08 2 1 2
05:02:16 3 2 2
05:02:31 0 2 1
05:02:53 1 2 0
05:03:01 2 1 2
05:04:00 2 1 2
05:04:48 0 1 0
05:05:52 2 1 2
05:06:27 2 1 2
05:06:35 2 1 2
05:06:41 2 3 0
05:07:19 0 2 2
05:07:37 1 2 0
05:07:40 3 2 2
05:07:43 0 1 0
05:09:14 2 0 1
05:10:08 2 3 0
05:10:13 2 0 1
05:11:34 2 3 0
05:11:38 0 3 2
05:12:07 3 1 1
05:12:25 1 0 2
05:12:34 1 0 2
05:13:58 2 0 1
05:14:25 3 0 0
05:14:53 2 3 0
05:15:46 0 3 2
05:15:55 2 1 2
05:16:37 0 2 1
05:19:01 3 0 0
05:19:16 1 0 2
05:19:19 1 2 0
05:20:31 2 3 0
05:20:44 0 1 0
05:21:18 3 1 2
05:22:03 1 3 1
05:22:25 3 0 0
05:22:48 1 3 1
05:23:13 0 3 2
05:23:30 0 1 0
05:23:51 2 1 2
05:24:58 2 0 1
05:25:31 0 3 2
05:25:32 2 3 0
05:28:10 0 1 0
05:28:22 1 2 0
05:28:33 0 2 2
05:28:59 0 1 0
05:29:10 1 2 0
05:29:48 1 2 0
05:30:27 2 0 2
05:31:05 1 2 0
05:31:12 3 1 1
05:31:13 0 1 0
05:31:33 2 1 2
05:31:42 1 3 2
05:32:18 1 2 0
05:32:26 2 1 2
05:32:39 2 0 1
05:32:53 3 0 0
05:32:53 0 1 0
05:33:23 1 2 0
05:33:52 0 2 1
05:33:52 3 1 2
05:33:53 0 2 2
05:35:27 3 1 2
05:35:38 1 0 2
05:35:45 3 1 2
05:35:56 0 1 0
05:36:04 0 3 2
05:36:34 0 3 2
05:38:08 0 3 2
05:38:11 0 2 1
05:38:57 1 3 2
05:38:59 1 0 2
05:39:05 2 1 2
05:39:08 3 0 0
05:40:08 1 2 0
05:40:22 3 0 0
05:40:26 0 2 2
05:40:39 2 0 1
05:40:43 2 1 2
05:40:49 2 1 2
05:40:51 3 0 0
05:41:00 3 2 2
05:42:00 1 2 0
05:43:59 0 1 0
05:45:08 1 3 1
05:45:20 3 1 1
05:45:52 3 1 2
05:46:32 1 2 0
05:46:36 3 1 2
05:47:25 1 0 2
05:48:52 3 0 0
05:49:53 1 0 2
05:50:06 1 0 2
05:51:43 3 1 1
05:52:43 1 0 2
05:53:13 0 3 2
05:54:01 0 2 1
05:54:03 0 3 2
05:56:07 0 3 2
05:56:12 3 1 1
05:56:38 2 3 0
05:56:48 1 3 1
05:56:50 2 3 0
05:57:14 1 0 2
05:57:26 2 0 1
05:57:44 1 0 2
05:57:45 2 3 0
05:59:49 2 1 2
06:00:22 0 1 0
06:00:59 2 3 0
06:01:30 1 0 2
06:02:36 3 0 0
06:02:57 0 2 2
06:03:05 0 3 2
06:04:10 1 3 1
06:04:17 1 3 2
06:04:31 2 0 1
06:04:37 2 1 2
06:05:01 0 1 0
06:06:01 3 0 0
06:06:51 3 2 2
06:06:57 2 1 2
06:07:46 2 1 2
06:07:47 1 3 1
06:07:52 2 3 0
06:08:10 0 1 0
06:08:14 0 1 0
06:09:05 1 0 2
06:10:06 2 3 0
06:10:33 3 0 0
06:12:46 0 2 2
06:13:17 0 2 1
06:14:31 0 1 0
06:14:52 2 1 2
06:15:06 2 0 2
06:15:17 1 0 2
06:16:56 3 0 0
06:17:45 1 0 2
06:18:00 1 2 0
06:18:37 1 0 2
06:19:50 3 0 0
06:19:50 1 2 0
06:20:11 1 2 0
06:20:19 0 2 2
06:21:15 2 3 0
06:21:41 3 2 2
06:21:54 2 3 0
06:22:34 0 2 2
06:23:20 3 1 1
06:23:36 1 0 2
06:23:45 2 1 2
06:23:50 2 1 2
06:27:54 3 2 2
06:28:31 2 3 0
06:29:07 0 2 1
06:29:14 0 1 0
06:29:15 3 2 2
06:29:57 0 3 2
06:32:36 1 3 1
06:33:16 3 2 2
06:34:29 0 3 2
06:34:41 0 2 1
06:34:46 1 2 0
06:38:57 3 2 2
06:39:50 2 1 2
06:39:52 2 3 0
06:39:54 2 1 2
06:40:01 1 2 0
06:40:07 1 2 0
06:40:59 3 0 0
06:41:07 0 1 0
06:43:54 2 3 0
06:43:55 1 2 0
06:44:06 0 2 2
06:45:38 1 0 2
06:46:07 1 3 2
06:46:21 2 1 2
06:46:23 2 1 2
06:46:36 2 1 2
06:47:21 0 1 0
06:47:48 3 2 2
06:48:58 3 0 0
06:50:03 1 2 0
06:50:05 2 3 0
06:50:55 2 3 0
06:50:56 2 1 2
06:51:04 1 3 2
06:51:21 1 2 0
06:51:52 3 1 1
06:52:05 0 1 0
06:52:19 0 3 2
06:53:16 3 2 2
06:54:00 3 1 2
06:54:29 0 1 0
06:54:46 2 1 2
06:54:49 2 3 0
06:55:54 0 2 2
06:56:13 0 2 1
06:56:17 1 2 0
06:56:31 0 2 2
06:57:48 2 1 2
06:58:12 3 1 2
06:58:33 0 2 2
06:58:38 0 1 0
07:00:14 0 3 2
07:00:28 0 3 2
07:00:54 3 1 1
07:00:59 0 1 0
07:01:59 3 2 2
07:02:14 2 0 1
07:02:15 2 1 2
07:02:32 1 2 0
07:02:48 0 2 1
07:03:01 1 0 2
07:03:17 1 3 2
07:04:24 0 2 1
07:04:38 1 0 2
07:04:42 2 0 1
07:04:53 1 3 2
07:05:11 2 1 2
07:05:30 3 2 2
07:06:06 1 3 2
07:06:06 1 0 2
07:06:44 1 3 1
07:07:18 1 2 0
07:07:23 0 2 2
07:07:40 3 0 0
07:07:43 0 1 0
07:07:45 3 0 0
07:07:59 2 3 0
07:08:17 0 3 2
07:08:18 1 0 2
07:08:45 3 2 2
07:08:46 2 3 0
07:09:06 2 0 1
07:09:20 0 2 1
07:10:08 0 1 0
07:10:27 3 2 2
07:10:38 1 2 0
07:10:40 2 1 2
07:11:17 0 1 0
07:11:20 3 0 0
07:11:26 2 3 0
07:11:27 1 0 2
07:11:32 2 1 2
07:11:55 1 0 2
07:11:57 2 0 1
07:12:36 1 2 0
07:12:37 3 0 0
07:13:12 1 0 2
07:13:30 0 2 2
07:13:49 2 1 2
07:14:35 2 0 2
07:14:40 1 0 2
07:15:03 1 2 0
07:15:16 1 2 0
07:16:28 3 0 0
07:17:46 0 1 0
07:17:53 2 1 2
07:18:06 2 3 0
07:18:25 1 3 2
07:18:55 3 1 2
07:19:04 0 1 0
07:19:08 3 2 2
07:19:13 1 3 1
07:19:17 1 3 1
07:19:22 0 2 2
07:19:44 3 2 2
07:19:51 2 3 0
07:20:27 2 0 1
07:20:34 3 0 0
07:20:52 3 1 2
07:20:56 2 1 2
07:20:58 0 3 2
07:21:48 0 2 2
07:23:14 3 2 2
07:23:53 2 3 0
07:24:15 0 1 0
07:24:25 0 1 0
07:24:42 2 1 2
07:25:00 1 0 2
07:25:10 0 3 2
07:25:12 2 1 2
07:25:17 2 1 2
07:25:17 2 1 2
07:25:31 2 3 0
07:25:33 2 0 2
07:25:36 2 3 0
07:25:48 0 3 2
07:25:57 1 3 2
07:26:13 3 0 0
07:26:18 3 0 0
07:26:36 3 0 0
07:27:01 3 2 2
07:27:51 3 0 0
07:28:18 2 1 2
07:28:22 1 2 0
07:28:24 1 2 0
07:28:27 3 2 2
07:28:38 0 1 0
07:28:38 2 3 0
07:28:38 1 2 0
07:29:02 2 1 2
07:29:26 1 2 0
07:29:31 1 3 2
07:30:21 1 0 2
07:30:30 2 3 0
07:30:34 3 2 2
07:31:39 0 3 2
07:31:55 2 0 1
07:32:01 1 0 2
07:32:07 0 1 0
07:32:26 2 0 2
07:32:34 0 2 1
07:32:35 3 2 2
07:33:12 1 3 2
07:33:35 0 3 2
07:33:45 3 1 2
07:34:05 0 1 0
07:34:36 0 3 2
07:34:41 0 3 2
07:34:55 2 0 1
07:35:49 1 3 2
07:36:36 1 2 0
07:36:56 2 3 0
07:36:58 1 2 0
07:37:22 1 2 0
07:38:16 2 0 2
07:38:19 1 0 2
07:38:35 0 3 2
07:39:13 2 0 1
07:39:24 3 1 1
07:39:50 1 0 2
07:39:52 3 0 0
07:39:58 3 0 0
07:40:51 1 3 1
07:41:13 0 3 2
07:41:19 2 0 1
07:42:20 0 2 1
07:42:29 1 2 0
07:42:36 3 1 1
07:42:36 2 0 2
07:42:37 2 1 2
07:42:48 1 0 2
07:43:20 1 3 2
07:44:01 1 3 1
07:44:03 1 2 0
07:44:20 3 1 1
07:45:01 0 2 1
07:45:12 3 0 0
07:45:22 2 0 1
07:46:13 1 3 1
07:46:23 0 1 0
07:47:47 2 1 2
07:48:27 1 3 2
07:48:32 3 1 2
07:49:06 3 2 2
07:49:10 1 2 0
07:49:13 3 0 0
07:49:20 3 0 0
07:49:27 0 2 1
07:49:31 3 2 2
07:49:36 0 1 0
07:49:54 3 1 1
07:50:09 2 0 1
07:50:20 3 2 2
07:51:07 1 0 2
07:51:22 1 2 0
07:51:54 3 2 2
07:52:14 0 1 0
07:52:17 0 1 0
07:52:28 0 2 1
07:53:31 0 1 0
07:54:06 3 1 2
07:54:18 1 2 0
07:55:06 2 1 2
07:55:14 2 1 2
07:55:38 2 1 2
07:55:47 2 0 1
07:56:13 0 2 2
07:56:33 1 0 2
07:58:06 1 2 0
07:58:15 0 2 2
07:58:18 2 1 2
07:59:08 2 1 2
08:00:05 1 1 2
08:00:07 2 1 2
08:00:13 3 1 2
08:00:34 1 3 1
08:00:36 3 1 2
08:00:57 1 3 2
08:01:00 1 1 2
08:01:16 2 1 2
08:01:23 0 3 2
08:02:06 2 1 2
08:02:33 2 1 2
08:02:33 1 1 2
08:02:53 0 1 0
08:02:56 2 1 2
08:02:57 1 2 0
08:03:31 3 2 2
08:03:39 2 1 2
08:03:53 3 1 2
08:04:03 3 1 1
08:04:54 3 1 1
08:05:13 0 2 2
08:05:13 3 1 1
08:05:33 3 1 1
08:05:50 2 1 2
08:06:17 3 1 1
08:06:17 0 1 0
08:06:18 3 1 2
08:06:39 1 0 2
08:06:58 2 1 2
08:07:03 2 1 2
08:07:09 0 1 0
08:07:42 1 0 2
08:07:45 0 1 0
08:07:58 1 0 2
08:08:11 3 1 2
08:08:52 2 3 0
08:08:57 0 1 0
08:08:58 1 1 2
08:08:59 1 0 2
08:09:01 0 1 0
08:09:21 1 0 2
08:09:29 2 0 2
08:09:33 0 1 0
08:09:39 3 0 0
08:09:52 0 3 2
08:10:05 3 1 2
08:10:08 3 0 0
08:10:22 3 2 2
08:10:34 0 1 0
08:10:42 3 1 2
08:10:48 3 0 0
08:10:52 3 2 2
08:11:00 2 1 2
08:11:04 2 1 2
08:11:32 1 1 2
08:11:33 1 2 0
08:11:47 3 2 2
08:11:48 0 2 1
08:12:08 2 3 0
08:12:35 2 1 2
08:12:36 3 1 2
08:12:38 3 1 2
08:13:21 2 1 2
08:14:05 3 0 0
08:14:07 0 3 2
08:14:16 0 3 2
08:15:14 1 2 0
08:15:50 0 1 0
08:16:12 3 1 2
08:16:46 1 2 0
08:17:04 2 1 2
08:17:34 1 3 1
08:17:34 2 1 2
08:17:37 1 1 2
08:18:27 3 1 2
08:18:39 1 3 2
08:18:53 1 2 0
08:18:55 3 1 2
08:19:00 2 1 2
08:19:03 1 2 0
08:19:27 3 1 1
08:19:36 0 1 0
08:19:49 1 2 0
08:19:57 0 2 1
08:20:01 3 1 1
08:20:12 2 3 0
08:20:14 2 1 2
08:20:23 1 0 2
08:21:11 1 1 2
08:21:32 3 1 2
08:21:45 3 0 0
08:21:58 1 2 0
08:22:32 1 1 2
08:23:04 0 2 1
08:23:46 3 1 2
08:23:51 3 1 1
08:24:02 2 1 2
08:24:04 1 3 2
08:24:28 0 2 1
08:24:47 3 1 2
08:24:50 2 1 2
08:24:59 1 2 0
08:25:28 0 3 2
08:25:49 3 1 2
08:25:49 2 0 2
08:26:06 2 1 2
08:26:31 1 2 0
08:26:58 3 0 0
08:27:15 2 1 2
08:27:26 2 0 2
08:27:41 3 0 0
08:27:56 0 3 2
08:27:56 2 3 0
08:28:02 2 1 2
08:28:05 0 3 2
08:28:41 3 1 1
08:28:49 1 2 0
08:28:58 1 1 2
08:29:09 1 2 0
08:29:47 2 0 2
08:29:51 0 2 1
08:30:05 2 0 1
08:30:20 0 3 2
08:30:36 0 1 0
08:31:37 0 2 1
08:32:07 3 2 2
08:32:13 3 1 1
08:32:25 2 1 2
08:32:50 0 1 0
08:32:54 2 1 2
08:33:08 0 3 2
08:33:32 3 1 1
08:33:33 3 0 0
08:33:37 1 3 1
08:33:43 0 1 0
08:34:02 3 0 0
08:34:02 0 1 0
08:34:35 0 2 2
08:34:57 2 1 2
08:35:06 2 0 1
08:35:32 2 1 2
08:35:48 1 0 2
08:36:13 0 1 0
08:36:33 3 0 0
08:36:37 1 1 2
08:36:56 3 0 0
08:37:04 0 3 2
08:37:23 2 0 1
08:37:25 0 3 2
08:37:41 2 3 0
08:38:00 3 2 2
08:38:04 2 0 1
08:38:14 2 0 2
08:38:24 0 1 0
08:38:55 1 3 1
08:39:06 0 1 0
08:39:06 0 1 0
08:39:43 0 2 2
08:39:44 3 1 1
08:39:52 2 0 1
08:40:28 1 1 2
08:40:56 0 2 2
08:41:08 0 1 0
08:41:10 2 3 0
08:41:16 2 0 2
08:41:28 0 3 2
08:41:30 1 3 1
08:41:38 2 0 2
08:41:47 1 1 2
08:41:57 2 1 2
08:42:00 0 1 0
08:42:07 3 0 0
08:42:39 3 1 1
08:42:41 0 1 0
08:42:43 0 1 0
08:42:50 2 0 1
08:43:04 3 0 0
08:43:07 2 1 2
08:43:08 3 2 2
08:43:21 1 1 2
08:43:53 0 2 2
08:43:57 1 1 2
08:44:00 2 1 2
08:44:28 0 1 0
08:44:50 3 2 2
08:44:52 0 1 0
08:45:26 3 1 1
08:45:46 0 2 1
08:45:46 3 1 1
08:46:01 0 1 0
08:46:19 1 1 2
08:46:26 3 2 2
08:46:44 3 1 1
08:46:46 3 1 1
08:46:48 1 1 2
08:46:52 2 1 2
08:47:02 1 0 2
08:47:05 1 3 1
08:47:21 0 3 2
08:47:24 2 1 2
08:47:30 2 1 2
08:47:32 0 1 0
08:47:33 0 3 2
08:47:46 3 1 1
08:47:51 2 3 0
08:47:55 0 1 0
08:47:58 0 2 2
08:48:09 2 0 1
08:48:19 1 2 0
08:48:58 3 1 1
08:49:10 3 1 2
08:49:13 3 1 1
08:49:59 1 2 0
08:50:18 3 1 2
08:50:21 0 2 1
08:50:28 0 3 2
08:50:49 3 1 2
08:51:13 3 0 0
08:51:37 3 1 1
08:51:41 3 1 2
08:51:49 1 3 2
08:51:53 2 3 0
08:51:57 2 1 2
08:52:49 1 3 2
08:52:53 0 3 2
08:53:20 3 2 2
08:53:51 2 0 1
08:54:16 3 0 0
08:54:47 1 1 2
08:54:51 2 1 2
08:54:51 3 0 0
08:54:59 0 1 0
08:55:03 3 1 1
08:55:11 1 1 2
08:55:25 3 1 1
08:55:27 0 3 2
08:55:33 1 1 2
08:55:38 3 1 2
08:55:57 2 0 2
08:56:11 0 1 0
08:56:24 3 0 0
08:56:28 1 1 2
08:56:54 1 1 2
08:57:08 2 1 2
08:57:17 0 1 0
08:58:06 2 1 2
08:59:04 0 1 0
08:59:08 3 1 1
08:59:29 1 3 1
08:59:30 1 1 2
09:00:16 3 1 1
09:00:22 2 1 2
09:00:28 0 2 2
09:01:20 3 2 2
09:01:25 2 1 2
09:01:27 3 2 2
09:01:51 1 0 2
09:01:55 1 3 1
09:01:58 2 1 2
09:02:26 1 3 2
09:02:41 3 0 0
09:02:44 2 1 2
09:02:58 0 1 0
09:03:07 0 3 2
09:03:22 1 1 2
09:03:24 3 0 0
09:03:48 0 1 0
09:04:51 2 3 0
09:05:02 0 2 2
09:05:51 3 1 2
09:05:55 2 1 2
09:05:56 1 3 2
09:05:56 0 1 0
09:05:57 1 1 2
09:06:43 1 1 2
09:07:08 1 0 2
09:08:22 2 1 2
09:09:24 0 2 1
09:09:57 2 1 2
09:10:16 1 3 1
09:10:28 0 1 0
09:10:33 0 1 0
09:10:49 1 0 2
09:11:27 0 1 0
09:12:13 2 0 1
09:12:17 1 0 2
09:12:19 0 2 1
09:12:41 1 3 2
09:13:24 3 1 1
09:13:28 1 1 2
09:13:28 0 2 2
09:13:41 2 0 2
09:14:15 0 1 0
09:14:20 0 3 2
09:14:58 2 0 2
09:15:02 0 1 0
09:15:37 1 0 2
09:16:08 1 1 2
09:16:20 1 1 2
09:16:21 1 2 0
09:16:26 3 2 2
09:16:47 3 1 2
09:16:49 3 0 0
09:17:13 2 1 2
09:17:14 0 1 0
09:17:15 2 1 2
09:17:18 3 0 0
09:17:18 0 1 0
09:17:37 2 3 0
09:17:43 0 1 0
09:17:53 0 1 0
09:18:15 3 2 2
09:18:35 1 1 2
09:18:57 3 1 1
09:19:18 1 0 2
09:20:15 1 3 2
09:21:57 2 1 2
09:22:34 1 3 2
09:22:41 3 1 2
09:23:06 3 1 2
09:23:08 1 1 2
09:23:22 2 1 2
09:23:52 3 0 0
09:24:52 3 1 1
09:25:03 1 1 2
09:25:15 3 1 1
09:25:19 0 1 0
09:25:41 2 1 2
09:25:47 0 1 0
09:25:54 1 0 2
09:25:59 1 1 2
09:25:59 1 1 2
09:26:10 1 3 2
09:27:10 3 2 2
09:27:14 3 1 2
09:27:18 1 3 2
09:27:21 3 1 2
09:27:24 0 2 1
09:28:31 2 3 0
09:28:50 2 3 0
09:29:23 3 1 2
09:29:33 1 1 2
09:30:19 0 2 1
09:31:07 2 1 2
09:31:38 3 2 2
09:32:10 0 1 0
09:32:11 3 1 1
09:32:12 1 1 2
09:32:24 3 2 2
09:32:32 3 1 1
09:32:37 1 3 1
09:32:51 1 2 0
09:32:53 0 3 2
09:33:12 3 1 1
09:33:51 1 1 2
09:34:00 1 2 0
09:34:00 0 1 0
09:34:10 1 2 0
09:34:21 0 1 0
09:34:27 1 1 2
09:34:51 3 1 1
09:35:25 2 1 2
09:35:49 0 1 0
09:35:58 2 1 2
09:36:04 1 0 2
09:36:11 2 1 2
09:36:20 0 1 0
09:37:10 3 1 2
09:38:21 3 0 0
09:38:34 1 1 2
09:38:44 2 3 0
09:39:59 0 1 0
09:41:07 2 1 2
09:42:20 1 1 2
09:42:32 1 1 2
09:42:33 1 2 0
09:42:37 1 1 2
09:43:14 1 2 0
09:43:38 0 3 2
09:43:48 3 0 0
09:44:21 1 0 2
09:44:38 0 2 2
09:45:47 1 3 1
09:45:51 1 3 1
09:46:28 3 0 0
09:46:43 1 2 0
09:48:13 2 3 0
09:48:20 2 1 2
09:48:25 1 3 1
09:48:32 3 1 2
09:48:41 2 3 0
09:48:53 1 3 2
09:49:28 3 0 0
09:49:31 1 1 2
09:51:24 2 1 2
09:51:31 3 1 2
09:51:34 2 0 1
09:51:50 2 1 2
09:51:56 1 3 1
09:52:03 0 1 0
09:52:41 3 1 1
09:53:04 0 1 0
09:54:00 2 0 1
09:54:43 0 1 0
09:54:51 3 1 2
09:55:08 0 3 2
09:55:08 3 1 1
09:55:14 3 2 2
09:55:27 1 3 1
09:55:58 3 1 2
09:56:13 1 2 0
09:56:22 1 0 2
09:57:07 2 1 2
09:57:07 1 2 0
09:57:22 0 3 2
09:57:57 0 3 2
09:58:15 3 2 2
09:59:11 3 1 1
09:59:59 2 3 0
10:00:08 2 3 0
10:00:39 2 0 1
10:01:26 1 2 0
10:02:26 1 3 1
10:05:02 1 3 2
10:05:46 3 0 0
10:05:56 0 1 0
10:06:45 2 3 0
10:07:55 2 1 2
10:08:37 3 1 2
10:08:42 3 0 0
10:09:57 0 1 0
10:10:07 2 1 2
10:11:28 0 2 1
10:11:28 0 1 0
10:12:00 0 1 0
10:12:58 2 0 1
10:13:22 2 1 2
10:13:25 1 2 0
10:13:43 3 2 2
10:13:59 3 2 2
10:15:32 2 1 2
10:16:55 0 1 0
10:16:59 2 3 0
10:18:40 0 2 1
10:20:10 3 1 1
10:20:22 1 2 0
10:20:53 3 2 2
10:21:02 0 2 2
10:21:09 2 1 2
10:21:27 2 3 0
10:22:08 0 3 2
10:24:47 1 2 0
10:26:24 0 3 2
10:27:42 2 1 2
10:28:24 3 2 2
10:28:27 0 2 2
10:28:37 2 1 2
10:28:59 1 3 1
10:30:03 1 0 2
10:30:06 2 1 2
10:30:43 1 3 2
10:33:07 0 2 1
10:35:21 3 0 0
10:35:54 2 3 0
10:38:15 1 2 0
10:39:13 0 3 2
10:39:28 0 2 2
10:39:34 0 2 2
10:39:48 0 3 2
10:39:50 3 2 2
10:39:52 2 1 2
10:41:51 1 3 2
10:42:15 0 1 0
10:42:48 2 1 2
10:43:57 1 2 0
10:44:53 2 0 2
10:45:40 0 1 0
10:46:10 1 3 2
10:46:26 2 0 2
10:47:27 3 2 2
10:48:28 1 3 1
10:48:34 1 3 2
10:48:37 1 3 1
10:48:49 3 2 2
10:50:31 1 3 1
10:51:17 2 1 2
10:53:06 1 2 0
10:53:15 1 0 2
10:53:23 1 2 0
10:53:52 1 0 2
10:53:59 3 2 2
10:54:01 0 1 0
10:54:30 0 3 2
10:55:30 0 2 2
10:55:50 0 1 0
10:56:51 0 3 2
10:57:23 0 1 0
10:57:33 0 2 1
10:57:40 2 3 0
10:58:29 3 0 0
10:58:37 3 0 0
10:59:25 3 1 1
10:59:32 1 3 1
10:59:53 2 1 2
11:00:03 2 0 2
11:00:24 3 2 2
11:01:08 0 1 0
11:01:39 2 0 1
11:01:48 2 1 2
11:01:58 3 0 0
11:02:03 2 1 2
11:02:39 3 0 0
11:03:01 2 1 2
11:04:10 1 3 2
11:04:18 2 1 2
11:04:35 1 2 0
11:04:40 2 3 0
11:04:58 3 0 0
11:05:31 3 2 2
11:07:37 3 0 0
11:08:21 2 0 2
11:09:23 1 2 0
11:09:23 2 0 2
11:09:45 3 2 2
11:09:48 3 1 2
11:10:00 2 1 2
11:10:30 3 2 2
11:10:42 3 0 0
11:10:47 3 2 2
11:12:06 0 1 0
11:12:07 0 2 2
11:12:59 0 3 2
11:14:09 0 2 1
11:14:10 0 3 2
11:14:11 0 1 0
11:15:32 3 0 0
11:15:36 3 2 2
11:17:10 2 1 2
11:18:37 0 3 2
11:19:06 3 2 2
11:19:18 3 0 0
11:20:56 3 0 0
11:22:14 1 3 1
11:22:36 1 2 0
11:24:18 2 1 2
11:25:30 3 2 2
11:25:33 3 0 0
11:26:02 0 1 0
11:26:40 2 0 1
11:26:45 3 1 1
11:26:52 0 2 2
11:27:59 2 3 0
11:28:45 3 1 2
11:29:13 1 3 2
11:31:18 1 2 0
11:31:28 0 2 2
11:32:06 2 1 2
11:32:24 3 2 2
11:33:11 0 3 2
11:35:30 3 0 0
11:37:26 3 1 2
11:38:15 2 3 0
11:39:00 3 1 2
11:39:08 2 1 2
11:39:31 0 1 0
11:39:33 0 1 0
11:39:39 0 1 0
11:40:11 1 0 2
11:40:20 2 1 2
11:40:52 0 3 2
11:41:46 2 3 0
11:42:40 0 3 2
11:42:54 0 3 2
11:43:11 2 3 0
11:43:37 0 3 2
11:45:57 3 2 2
11:48:54 2 3 0
11:49:33 1 2 0
11:50:06 3 1 1
11:51:53 1 3 2
11:51:59 2 0 2
11:52:08 2 3 0
11:52:30 2 0 1
11:54:01 2 0 2
11:54:09 3 1 1
11:54:12 0 2 2
11:54:39 2 3 0
11:56:07 1 2 0
11:56:25 2 1 2
11:57:06 1 2 0
11:57:10 1 3 1
11:57:22 2 3 0
11:57:27 2 3 0
11:58:10 1 0 2
11:58:25 3 0 0
11:59:37 1 3 2
12:00:32 2 3 0
12:00:46 0 3 2
12:01:24 0 2 2
12:02:02 1 2 0
12:02:09 0 2 2
12:03:27 2 1 2
12:05:08 2 0 1
12:05:33 2 3 0
12:05:38 1 2 0
12:06:12 1 2 0
12:07:19 3 2 2
12:07:23 3 2 2
12:07:49 0 1 0
12:08:21 1 2 0
12:08:58 0 2 1
12:09:21 0 1 0
12:09:44 1 0 2
12:10:00 1 3 2
12:11:31 3 2 2
12:12:43 3 1 2
12:12:48 1 0 2
12:13:22 2 1 2
12:14:32 1 2 0
12:15:59 1 2 0
12:17:38 0 2 2
12:18:07 0 2 1
12:18:42 0 3 2
12:19:55 0 1 0
12:20:13 0 3 2
12:20:19 1 2 0
12:20:53 0 3 2
12:22:05 3 1 1
12:22:26 2 1 2
12:22:28 3 0 0
12:23:45 3 2 2
12:25:55 2 0 1
12:26:17 1 3 2
12:26:30 2 3 0
12:27:06 0 3 2
12:27:13 3 0 0
12:27:38 3 2 2
12:27:42 0 3 2
12:27:53 1 2 0
12:29:07 1 3 2
12:29:50 2 3 0
12:30:57 2 0 2
12:31:14 3 0 0
12:32:42 1 3 2
12:32:52 0 2 1
12:33:12 3 1 2
12:33:19 3 2 2
12:33:42 1 3 2
12:34:34 0 2 2
12:35:10 0 2 2
12:35:26 2 3 0
12:36:09 0 1 0
12:36:22 0 1 0
12:36:42 1 2 0
12:37:56 2 0 1
12:38:38 2 0 1
12:39:44 0 2 2
12:40:17 3 1 1
12:40:34 1 3 1
12:40:58 3 0 0
12:41:31 0 2 1
12:41:46 3 1 1
12:42:31 1 2 0
12:42:36 3 1 2
12:43:55 2 3 0
12:44:20 2 3 0
12:45:01 2 1 2
12:45:07 2 1 2
12:45:09 2 0 2
12:45:29 1 2 0
12:46:12 3 0 0
12:46:43 2 0 2
12:47:27 1 3 1
12:48:26 3 1 1
12:48:37 3 0 0
12:49:45 3 2 2
12:49:58 0 3 2
12:50:06 3 1 1
12:50:28 1 3 1
12:50:28 2 0 1
12:51:39 1 2 0
12:51:46 3 0 0
12:52:59 3 2 2
12:53:09 1 0 2
12:53:32 3 2 2
12:54:35 0 2 1
12:55:17 3 2 2
12:56:19 2 1 2
12:56:49 0 2 2
12:56:49 3 0 0
12:58:11 1 2 0
12:58:16 0 3 2
12:59:40 1 0 2
13:00:19 1 3 2
13:00:53 3 0 0
13:01:06 2 3 0
13:01:11 0 3 2
13:01:43 3 1 1
13:02:09 3 2 2
13:03:12 0 1 0
13:03:26 3 0 0
13:03:31 1 0 2
13:04:12 3 0 0
13:04:34 0 1 0
13:04:37 3 0 0
13:04:40 1 3 1
13:05:09 0 2 1
13:05:31 1 0 2
13:06:29 1 3 2
13:07:19 0 3 2
13:07:34 3 2 2
13:07:45 3 2 2
13:08:14 3 1 1
13:08:35 3 2 2
13:09:14 0 1 0
13:09:23 2 1 2
13:09:29 0 1 0
13:10:58 2 0 1
13:12:24 0 2 1
13:14:04 1 3 2
13:14:10 2 1 2
13:14:22 2 0 2
13:15:01 1 3 1
13:15:59 2 0 1
13:16:15 0 1 0
13:16:22 1 2 0
13:16:36 3 2 2
13:17:18 1 3 2
13:18:01 2 1 2
13:18:15 0 2 1
13:19:19 1 2 0
13:19:29 1 2 0
13:20:53 0 2 1
13:21:34 2 3 0
13:23:06 1 3 1
13:23:41 2 1 2
13:24:11 2 0 2
13:24:14 2 0 1
13:24:55 0 3 2
13:25:11 0 2 1
13:25:50 2 3 0
13:27:00 1 0 2
13:29:49 2 0 1
13:32:21 1 2 0
13:32:42 2 1 2
13:32:42 3 2 2
13:32:59 3 2 2
13:34:40 2 0 2
13:34:41 1 3 2
13:35:42 3 2 2
13:36:15 2 3 0
13:36:48 0 1 0
13:37:41 2 3 0
13:38:45 2 0 2
13:40:49 3 1 1
13:42:54 1 3 1
13:43:41 1 0 2
13:44:43 3 2 2
13:45:08 1 3 1
13:46:09 0 2 1
13:46:27 2 3 0
13:48:45 2 1 2
13:50:55 3 2 2
13:50:55 1 0 2
13:51:01 2 3 0
13:51:04 3 1 2
13:53:16 3 2 2
13:54:09 2 1 2
13:54:20 2 0 2
13:54:28 1 3 1
13:54:47 3 0 0
13:55:02 3 0 0
13:55:42 2 0 2
13:56:31 1 3 1
13:56:45 0 2 2
13:58:05 2 3 0
13:59:01 3 1 1
13:59:13 2 1 2
13:59:32 3 0 0
14:00:08 3 2 2
14:00:34 2 3 0
14:00:35 2 3 0
14:00:40 1 3 2
14:00:43 2 3 0
14:02:11 3 0 0
14:02:14 0 2 2
14:02:57 2 0 1
14:03:07 0 2 1
14:03:58 0 1 0
14:04:12 1 3 2
14:04:23 1 2 0
14:05:15 2 1 2
14:06:29 0 1 0
14:07:02 1 3 1
14:07:12 3 0 0
14:07:56 0 1 0
14:08:45 1 0 2
14:09:02 2 1 2
14:10:06 1 0 2
14:10:16 0 3 2
14:10:41 1 2 0
14:11:18 2 0 2
14:11:55 0 1 0
14:12:16 2 0 1
14:12:21 3 2 2
14:12:59 2 0 2
14:13:58 1 0 2
14:14:22 1 2 0
14:15:02 0 3 2
14:17:07 3 1 1
14:17:08 1 2 0
14:17:33 0 1 0
14:18:47 2 0 1
14:19:10 2 0 1
14:19:44 2 1 2
14:20:00 0 3 2
14:21:41 2 0 1
14:22:12 3 0 0
14:22:54 2 0 1
14:23:41 3 2 2
14:23:46 1 0 2
14:24:02 3 0 0
14:24:50 0 2 1
14:24:56 1 2 0
14:25:42 2 1 2
14:26:47 1 3 1
14:27:56 2 3 0
14:28:44 0 3 2
14:29:22 2 1 2
14:29:58 2 1 2
14:31:12 0 1 0
14:34:28 1 0 2
14:34:48 2 3 0
14:35:18 2 3 0
14:35:23 2 3 0
14:36:57 3 2 2
14:38:18 1 3 1
14:38:37 0 3 2
14:38:40 1 0 2
14:38:57 1 2 0
14:39:08 2 0 1
14:39:31 3 1 1
14:39:52 3 1 1
14:43:32 0 2 1
14:44:33 0 3 2
14:44:47 2 1 2
14:46:44 1 0 2
14:47:29 1 0 2
14:48:00 3 2 2
14:49:16 1 2 0
14:50:01 3 0 0
14:51:15 2 0 1
14:52:54 3 2 2
14:53:15 0 3 2
14:56:01 0 2 1
14:57:30 2 0 1
14:57:46 3 0 0
14:58:23 2 3 0
14:58:44 2 3 0
14:58:45 2 3 0
14:59:36 1 2 0
15:00:02 2 3 0
15:00:15 1 0 2
15:00:30 0 3 2
15:00:36 1 3 1
15:00:50 1 3 1
15:00:56 3 3 2
15:01:05 3 3 2
15:01:05 2 1 2
15:01:07 1 2 0
15:02:47 2 3 0
15:02:48 0 3 2
15:03:10 3 3 2
15:03:11 3 2 2
15:03:26 2 0 1
15:03:49 0 3 2
15:03:52 2 1 2
15:04:19 2 3 0
15:04:40 2 3 0
15:04:57 1 3 2
15:05:02 3 1 1
15:05:07 2 3 0
15:05:13 0 3 2
15:05:14 0 3 2
15:05:18 1 3 2
15:05:55 2 3 0
15:05:56 3 2 2
15:06:20 2 0 1
15:06:34 3 3 2
15:07:48 1 0 2
15:08:04 2 0 2
15:08:05 1 3 2
15:08:58 2 3 0
15:10:08 2 1 2
15:10:23 1 0 2
15:10:26 1 0 2
15:10:47 2 0 1
15:10:49 2 1 2
15:10:57 0 2 2
15:11:00 3 0 0
15:11:19 1 3 2
15:11:23 2 1 2
15:11:40 2 3 0
15:11:56 2 3 0
15:12:31 1 3 2
15:13:06 0 3 2
15:13:13 1 3 1
15:13:34 3 3 2
15:13:41 3 1 1
15:13:46 1 3 1
15:14:25 3 3 2
15:15:01 3 3 2
15:15:31 3 2 2
15:15:35 2 1 2
15:16:01 1 3 1
15:16:07 0 3 2
15:16:27 2 3 0
15:16:47 0 1 0
15:16:49 0 3 2
15:18:12 1 3 1
15:18:21 0 2 1
15:18:57 2 3 0
15:19:29 2 3 0
15:19:49 1 3 1
15:19:55 2 3 0
15:20:16 1 0 2
15:20:32 2 0 2
15:21:16 0 2 1
15:21:30 2 3 0
15:21:38 3 0 0
15:21:56 3 3 2
15:21:57 3 3 2
15:22:15 1 2 0
15:24:00 2 1 2
15:24:48 1 3 2
15:24:51 3 1 2
15:25:19 1 2 0
15:25:28 1 3 2
15:25:40 1 3 1
15:25:58 0 1 0
15:26:12 2 3 0
15:26:19 1 3 2
15:26:27 1 0 2
15:26:43 0 3 2
15:26:47 3 3 2
15:27:16 0 3 2
15:27:27 1 3 2
15:27:29 0 3 2
15:27:34 1 3 2
15:28:45 2 3 0
15:29:06 2 3 0
15:29:16 3 3 2
15:29:28 2 1 2
15:29:31 0 1 0
15:29:36 1 2 0
15:30:13 0 3 2
15:30:21 1 3 1
15:30:49 0 3 2
15:30:53 3 1 1
15:32:01 0 3 2
15:32:02 3 1 1
15:32:29 3 0 0
15:32:34 3 2 2
15:32:43 1 3 1
15:32:58 1 3 1
15:33:11 2 1 2
15:34:24 0 3 2
15:34:31 2 1 2
15:34:32 1 0 2
15:34:46 2 0 1
15:35:37 0 1 0
15:35:46 3 3 2
15:35:46 0 1 0
15:35:55 0 3 2
15:35:59 2 3 0
15:36:00 2 3 0
15:36:02 1 0 2
15:36:07 0 3 2
15:36:18 3 0 0
15:36:44 2 3 0
15:36:48 2 1 2
15:37:18 3 1 2
15:37:23 2 1 2
15:37:27 0 2 2
15:37:37 2 3 0
15:38:11 3 0 0
15:39:13 0 3 2
15:39:31 0 2 2
15:39:58 3 3 2
15:40:11 2 3 0
15:41:17 2 1 2
15:41:42 0 3 2
15:41:50 2 3 0
15:42:15 0 1 0
15:42:54 2 1 2
15:43:15 1 2 0
15:43:16 3 0 0
15:43:48 0 3 2
15:44:31 0 3 2
15:44:37 2 3 0
15:44:47 3 3 2
15:45:22 3 0 0
15:45:38 3 0 0
15:45:50 3 2 2
15:46:12 1 3 2
15:46:15 1 0 2
15:46:41 3 0 0
15:46:53 2 3 0
15:47:04 0 3 2
15:47:15 1 2 0
15:47:18 0 3 2
15:47:34 0 3 2
15:47:48 3 2 2
15:47:53 0 3 2
15:48:19 3 2 2
15:48:43 2 1 2
15:49:00 2 3 0
15:49:10 2 0 1
15:49:12 1 3 1
15:49:38 3 2 2
15:50:09 0 3 2
15:50:17 3 3 2
15:50:30 2 1 2
15:50:39 3 3 2
15:51:39 0 3 2
15:51:43 3 3 2
15:52:05 2 3 0
15:52:08 3 1 2
15:52:14 1 3 2
15:52:58 0 3 2
15:53:06 2 3 0
15:53:07 3 0 0
15:54:07 0 1 0
15:54:13 0 3 2
15:54:16 2 3 0
15:54:49 0 3 2
15:54:49 2 3 0
15:55:31 2 3 0
15:55:57 0 1 0
15:56:00 1 3 1
15:56:15 0 1 0
15:56:36 0 1 0
15:57:07 3 2 2
15:57:58 0 2 2
15:58:28 1 3 1
15:59:01 1 2 0
16:00:03 2 1 2
16:00:06 0 2 1
16:00:28 1 0 2
16:00:28 3 1 1
16:00:35 0 1 0
16:00:36 1 0 2
16:00:40 0 2 2
16:00:44 2 3 0
16:01:14 2 1 2
16:01:18 1 3 1
16:01:19 2 3 0
16:01:31 3 3 2
16:01:37 3 3 2
16:02:19 0 3 2
16:02:27 2 0 1
16:02:39 2 3 0
16:03:03 2 3 0
16:03:08 3 0 0
16:03:13 2 3 0
16:03:20 1 3 1
16:04:00 2 0 1
16:04:03 3 2 2
16:04:23 2 0 1
16:04:29 0 1 0
16:04:35 1 3 1
16:04:55 0 3 2
16:05:11 3 1 2
16:05:25 0 3 2
16:06:21 3 2 2
16:06:29 0 1 0
16:06:35 3 2 2
16:06:50 3 3 2
16:06:51 0 3 2
16:07:17 3 3 2
16:07:31 0 2 2
16:07:36 3 0 0
16:07:36 1 3 1
16:07:37 2 1 2
16:07:38 2 0 1
16:07:40 0 3 2
16:07:49 2 3 0
16:07:51 3 3 2
16:07:59 1 3 2
16:08:03 2 0 1
16:08:49 2 1 2
16:08:58 3 1 1
16:09:02 0 1 0
16:10:03 0 2 1
16:10:24 0 3 2
16:10:44 3 3 2
16:11:23 0 3 2
16:11:31 3 1 1
16:11:35 3 2 2
16:11:35 3 2 2
16:11:44 0 1 0
16:11:53 1 2 0
16:11:53 2 0 2
16:12:07 2 3 0
16:12:45 0 1 0
16:12:54 1 3 2
16:13:02 3 1 2
16:13:41 2 3 0
16:13:43 3 3 2
16:13:53 2 3 0
16:14:06 2 1 2
16:14:18 3 1 2
16:14:24 0 3 2
16:14:35 1 2 0
16:14:52 1 0 2
16:14:58 2 0 1
16:15:11 2 3 0
16:16:02 3 3 2
16:16:04 2 3 0
16:16:08 1 0 2
16:16:10 1 3 2
16:16:12 0 2 1
16:16:24 3 0 0
16:16:32 3 1 2
16:16:33 3 3 2
16:16:56 3 2 2
16:17:10 2 0 2
16:17:11 0 2 1
16:17:13 0 2 1
16:17:47 3 1 1
16:18:19 2 3 0
16:18:25 2 1 2
16:18:56 1 0 2
16:19:05 3 0 0
16:19:35 1 2 0
16:19:48 1 0 2
16:20:14 0 1 0
16:20:42 0 2 1
16:20:50 3 1 2
16:20:54 3 3 2
16:20:57 0 3 2
16:21:00 3 2 2
16:21:09 0 2 1
16:21:11 2 3 0
16:21:17 3 3 2
16:21:26 3 1 1
16:21:52 2 1 2
16:21:55 3 2 2
16:21:58 2 3 0
16:22:01 3 1 2
16:22:03 0 3 2
16:22:05 2 0 1
16:22:06 2 1 2
16:22:14 0 2 2
16:22:14 0 2 2
16:22:22 2 1 2
16:22:29 1 3 2
16:22:53 2 1 2
16:23:00 2 0 2
16:23:00 3 1 1
16:23:04 2 3 0
16:23:05 0 3 2
16:23:11 0 1 0
16:23:11 2 0 2
16:23:26 3 1 2
16:23:28 3 1 2
16:23:34 2 3 0
16:23:43 0 3 2
16:23:51 0 3 2
16:24:12 3 3 2
16:24:13 0 3 2
16:24:28 0 3 2
16:25:04 2 3 0
16:25:16 0 3 2
16:25:38 3 1 1
16:25:58 3 3 2
16:26:14 2 3 0
16:26:25 0 3 2
16:26:29 1 3 1
16:27:00 3 0 0
16:27:01 0 2 1
16:27:17 1 3 1
16:27:39 2 1 2
16:28:04 0 1 0
16:28:04 0 1 0
16:28:43 1 0 2
16:29:00 2 1 2
16:30:01 3 0 0
16:30:07 3 2 2
16:30:27 0 1 0
16:30:41 2 3 0
16:30:43 2 3 0
16:30:59 0 3 2
16:31:05 0 2 1
16:31:28 0 1 0
16:32:09 2 1 2
16:32:28 1 3 2
16:32:32 3 3 2
16:32:36 2 0 1
16:32:50 0 1 0
16:32:53 3 3 2
16:33:04 0 2 2
16:33:08 1 3 1
16:33:46 2 0 1
16:34:03 0 1 0
16:35:17 1 3 1
16:35:20 1 2 0
16:35:36 2 3 0
16:36:38 3 3 2
16:36:39 0 1 0
16:37:15 2 0 1
16:37:23 2 3 0
16:37:35 1 3 1
16:37:36 3 3 2
16:37:41 2 3 0
16:38:02 3 3 2
16:38:10 0 3 2
16:38:15 2 3 0
16:38:26 0 3 2
16:38:51 1 3 1
16:39:20 3 3 2
16:39:28 1 3 2
16:39:44 2 3 0
16:39:46 1 3 2
16:39:52 0 1 0
16:40:42 2 3 0
16:40:46 3 3 2
16:41:06 1 3 2
16:41:14 0 2 2
16:41:27 3 3 2
16:41:38 1 0 2
16:41:49 0 2 2
16:42:11 3 0 0
16:42:11 1 3 2
16:42:25 1 3 1
16:42:39 2 3 0
16:42:40 1 3 2
16:42:55 1 0 2
16:44:01 1 2 0
16:44:15 3 1 2
16:44:19 2 0 2
16:44:20 2 3 0
16:44:33 0 2 1
16:44:39 2 1 2
16:45:23 1 3 1
16:45:29 2 3 0
16:45:32 1 2 0
16:45:55 0 3 2
16:45:59 0 3 2
16:46:08 0 1 0
16:46:14 0 1 0
16:46:24 3 3 2
16:46:29 0 3 2
16:47:01 2 3 0
16:47:05 3 3 2
16:47:11 1 3 2
16:47:23 3 3 2
16:47:37 2 0 1
16:47:38 3 3 2
16:47:45 3 3 2
16:47:59 2 3 0
16:48:01 0 3 2
16:48:04 0 1 0
16:48:13 1 0 2
16:48:17 0 3 2
16:48:20 0 3 2
16:48:32 3 1 2
16:49:13 2 3 0
16:49:16 1 2 0
16:49:18 3 3 2
16:49:31 0 2 2
16:49:59 1 2 0
16:50:13 0 2 1
16:50:19 3 0 0
16:50:29 1 2 0
16:50:35 2 0 2
16:50:43 0 1 0
16:50:49 1 3 1
16:51:22 3 1 2
16:51:34 1 3 2
16:52:11 3 2 2
16:52:15 3 1 1
16:53:29 0 1 0
16:53:39 3 1 2
16:53:54 2 0 2
16:53:55 2 3 0
16:54:08 3 2 2
16:54:09 0 2 2
16:54:18 1 3 2
16:54:31 0 3 2
16:54:48 2 3 0
16:54:49 3 1 1
16:55:03 2 1 2
16:55:08 3 3 2
16:55:13 0 2 2
16:55:25 3 3 2
16:55:40 2 1 2
16:55:47 0 3 2
16:55:51 0 3 2
16:56:21 2 3 0
16:56:42 0 1 0
16:56:43 2 1 2
16:56:57 3 1 2
16:57:21 3 3 2
16:57:25 1 3 2
16:57:36 3 3 2
16:57:40 0 3 2
16:57:50 1 2 0
16:57:55 1 2 0
16:57:57 0 3 2
16:58:05 0 3 2
16:58:07 0 3 2
16:58:12 0 1 0
16:58:12 3 0 0
16:58:12 1 3 2
16:58:16 3 3 2
16:58:35 3 0 0
16:58:40 1 3 2
16:58:42 2 3 0
16:59:17 0 3 2
16:59:41 1 2 0
16:59:53 1 3 2
17:00:30 1 2 0
17:01:09 0 1 0
17:02:50 2 1 2
17:03:04 0 3 2
17:03:11 1 0 2
17:03:13 0 1 0
17:03:17 1 3 1
17:03:43 1 2 0
17:04:07 2 0 1
17:04:28 2 3 0
17:04:35 3 0 0
17:05:00 0 3 2
17:05:11 3 3 2
17:05:29 0 1 0
17:05:36 3 2 2
17:05:38 2 3 0
17:05:44 0 1 0
17:05:45 0 1 0
17:05:52 1 3 1
17:06:07 0 3 2
17:06:16 1 2 0
17:06:34 1 3 1
17:06:40 0 1 0
17:07:11 1 0 2
17:07:42 0 1 0
17:07:44 3 3 2
17:08:27 0 1 0
17:08:33 2 3 0
17:08:42 2 3 0
17:09:01 1 3 2
17:09:11 0 1 0
17:10:35 3 0 0
17:10:57 1 0 2
17:11:13 2 1 2
17:11:25 3 2 2
17:11:27 0 2 1
17:12:12 1 3 1
17:12:43 1 3 1
17:12:49 3 2 2
17:12:52 1 3 1
17:12:54 3 1 1
17:13:29 2 3 0
17:13:39 1 2 0
17:14:02 0 3 2
17:14:11 0 3 2
17:14:29 3 3 2
17:15:11 2 3 0
17:15:27 3 1 1
17:15:50 3 2 2
17:16:14 3 3 2
17:17:23 1 3 1
17:18:14 2 3 0
17:18:57 3 0 0
17:19:59 1 3 1
17:20:33 1 3 2
17:20:56 1 3 2
17:21:16 0 3 2
17:21:26 3 3 2
17:21:49 0 3 2
17:22:33 3 3 2
17:22:52 1 0 2
17:23:01 1 3 2
17:23:30 0 1 0
17:23:32 1 0 2
17:24:08 2 0 2
17:24:11 3 2 2
17:24:13 2 3 0
17:24:27 2 0 2
17:24:42 3 1 1
17:25:03 1 3 2
17:25:28 1 2 0
17:25:44 0 3 2
17:26:22 0 3 2
17:26:23 3 3 2
17:26:56 1 0 2
17:27:34 1 3 2
17:28:00 2 1 2
17:28:01 1 3 1
17:28:14 2 3 0
17:28:14 0 3 2
17:28:38 0 3 2
17:28:51 1 3 1
17:29:13 1 3 2
17:29:14 2 3 0
17:29:21 2 1 2
17:30:20 2 1 2
17:31:18 3 2 2
17:31:19 0 1 0
17:31:30 0 1 0
17:32:02 3 2 2
17:32:19 1 0 2
17:32:32 3 3 2
17:32:51 3 2 2
17:33:12 2 1 2
17:33:13 1 0 2
17:33:23 1 3 2
17:33:33 0 1 0
17:33:39 1 3 2
17:33:46 0 1 0
17:33:56 0 2 1
17:35:21 2 3 0
17:35:36 2 3 0
17:35:41 0 2 1
17:35:47 2 3 0
17:36:19 1 2 0
17:36:34 2 1 2
17:37:20 0 3 2
17:37:48 3 3 2
17:37:52 3 2 2
17:38:40 3 2 2
17:38:46 2 3 0
17:39:16 0 3 2
17:39:43 0 3 2
17:40:42 0 3 2
17:41:02 2 0 2
17:41:41 1 3 2
17:41:46 3 1 2
17:42:16 3 3 2
17:43:08 1 3 1
17:43:32 2 0 2
17:43:42 3 3 2
17:44:06 2 1 2
17:44:18 0 1 0
17:45:03 3 0 0
17:46:12 1 3 1
17:47:38 0 2 2
17:47:50 2 3 0
17:48:28 1 0 2
17:48:48 2 0 2
17:49:06 0 3 2
17:49:22 3 1 2
17:49:59 3 2 2
17:50:10 1 2 0
17:50:20 0 1 0
17:50:39 3 3 2
17:50:58 0 1 0
17:51:12 0 3 2
17:51:19 3 3 2
17:51:32 0 1 0
17:52:04 0 3 2
17:52:07 1 2 0
17:52:26 3 0 0
17:52:50 1 0 2
17:53:31 0 1 0
17:53:32 2 3 0
17:53:35 3 1 2
17:54:15 3 3 2
17:54:16 3 2 2
17:54:56 3 3 2
17:55:15 1 3 2
17:55:20 2 1 2
17:55:30 3 3 2
17:55:35 0 1 0
17:55:45 1 0 2
17:55:48 0 3 2
17:55:56 0 3 2
17:56:39 3 3 2
17:56:40 1 3 1
17:56:55 1 2 0
17:57:21 0 3 2
17:57:36 2 3 0
17:57:46 0 3 2
17:58:04 1 3 2
17:58:29 3 3 2
17:58:42 2 3 0
17:59:48 0 3 2
18:00:07 1 2 0
18:00:32 1 3 2
18:00:41 2 1 2
18:01:52 0 3 2
18:02:43 3 3 2
18:03:08 0 2 1
18:03:28 2 3 0
18:03:43 3 3 2
18:04:33 0 3 2
18:04:55 1 0 2
18:05:18 1 0 2
18:06:49 1 0 2
18:06:52 0 2 1
18:07:00 3 3 2
18:07:10 2 3 0
18:07:24 3 1 1
18:07:27 2 0 1
18:07:29 2 1 2
18:07:39 1 2 0
18:07:45 2 0 2
18:08:27 2 3 0
18:08:30 3 2 2
18:08:52 1 3 2
18:09:00 1 3 2
18:09:17 0 3 2
18:09:23 3 2 2
18:09:48 3 3 2
18:10:05 2 1 2
18:10:26 1 3 1
18:10:38 2 3 0
18:10:56 0 3 2
18:11:36 1 3 2
18:11:48 2 3 0
18:11:51 3 3 2
18:12:04 2 1 2
18:12:16 2 3 0
18:12:30 0 1 0
18:12:47 1 3 1
18:13:04 3 2 2
18:13:05 0 2 1
18:13:12 2 0 2
18:13:15 0 2 1
18:13:51 2 3 0
18:13:52 2 3 0
18:13:53 1 3 1
18:13:59 2 3 0
18:14:10 0 3 2
18:14:32 1 3 2
18:14:34 2 3 0
18:14:59 2 3 0
18:15:13 3 0 0
18:16:11 0 3 2
18:16:30 0 3 2
18:16:58 1 3 2
18:16:59 0 2 1
18:18:01 1 2 0
18:18:11 0 3 2
18:18:27 2 3 0
18:18:33 3 3 2
18:19:38 2 3 0
18:19:51 0 2 2
18:20:08 3 2 2
18:20:36 1 3 2
18:20:40 0 3 2
18:20:40 1 3 1
18:20:52 3 0 0
18:21:20 1 2 0
18:21:23 0 3 2
18:21:23 1 3 2
18:21:49 3 0 0
18:21:59 2 3 0
18:22:11 0 1 0
18:22:14 1 2 0
18:22:37 0 3 2
18:22:37 0 3 2
18:22:59 1 2 0
18:23:13 3 3 2
18:23:46 2 1 2
18:23:51 1 0 2
18:24:09 2 1 2
18:24:11 1 3 1
18:24:22 3 2 2
18:24:28 3 1 1
18:24:42 1 0 2
18:24:57 1 2 0
18:25:59 2 3 0
18:26:18 2 1 2
18:26:58 0 1 0
18:27:12 3 3 2
18:27:14 2 1 2
18:27:15 0 3 2
18:27:35 3 1 2
18:28:10 3 0 0
18:28:31 3 1 2
18:28:49 0 3 2
18:28:53 3 3 2
18:29:59 1 0 2
18:30:47 3 1 2
18:31:05 0 2 2
18:32:18 3 2 2
18:32:20 0 3 2
18:32:30 3 3 2
18:32:33 2 3 0
18:32:57 2 0 2
18:33:19 0 2 2
18:33:24 0 1 0
18:34:17 0 3 2
18:34:19 3 2 2
18:34:21 2 0 2
18:34:27 2 3 0
18:34:27 0 3 2
18:34:51 2 3 0
18:35:10 2 3 0
18:35:10 0 3 2
18:35:53 1 3 2
18:35:58 1 2 0
18:36:05 1 2 0
18:36:13 3 3 2
18:36:32 1 2 0
18:36:53 1 0 2
18:37:10 3 3 2
18:38:08 3 3 2
18:38:14 3 2 2
18:38:32 3 1 2
18:39:04 1 3 2
18:39:10 2 3 0
18:39:55 2 0 1
18:40:05 0 3 2
18:40:16 2 3 0
18:40:18 2 1 2
18:41:29 2 3 0
18:41:31 1 3 2
18:41:32 3 3 2
18:41:33 0 2 2
18:41:41 2 3 0
18:41:54 1 3 2
18:41:59 3 0 0
18:42:04 0 1 0
18:42:29 2 3 0
18:43:39 2 0 2
18:44:25 0 1 0
18:44:30 0 1 0
18:44:42 2 3 0
18:44:44 3 3 2
18:44:49 0 1 0
18:44:54 0 3 2
18:45:46 0 3 2
18:46:37 3 2 2
18:48:30 2 3 0
18:48:32 1 3 1
18:48:43 3 2 2
18:48:47 3 0 0
18:48:47 3 3 2
18:48:49 0 2 2
18:48:50 1 2 0
18:48:58 2 3 0
18:49:17 1 2 0
18:49:26 2 0 1
18:51:51 0 3 2
18:52:35 2 1 2
18:52:35 2 1 2
18:52:51 1 3 2
18:53:08 0 3 2
18:53:28 3 0 0
18:54:05 1 0 2
18:54:15 0 3 2
18:55:05 2 3 0
18:55:26 0 3 2
18:55:30 0 2 1
18:55:43 1 3 1
18:55:46 3 3 2
18:55:49 0 3 2
18:56:03 1 3 1
18:56:06 2 3 0
18:56:13 1 2 0
18:56:24 2 1 2
18:56:39 0 3 2
18:56:47 0 1 0
18:57:56 2 3 0
18:58:45 1 0 2
18:59:09 1 3 1
18:59:11 3 3 2
18:59:28 2 1 2
18:59:30 2 0 1
19:01:05 1 0 2
19:01:59 0 2 1
19:02:18 3 1 2
19:02:23 3 2 2
19:02:28 0 1 0
19:03:41 2 0 1
19:04:31 0 2 1
19:04:37 3 1 2
19:05:12 3 2 2
19:05:40 3 1 1
19:06:27 2 3 0
19:07:21 2 3 0
19:07:22 3 0 0
19:08:03 2 3 0
19:08:26 1 2 0
19:08:59 0 2 2
19:09:53 3 0 0
19:10:07 0 1 0
19:10:21 3 0 0
19:10:22 3 0 0
19:11:04 0 3 2
19:12:27 2 0 2
19:12:35 1 3 1
19:13:03 0 3 2
19:13:08 1 0 2
19:14:53 2 3 0
19:15:24 1 0 2
19:15:55 0 1 0
19:17:21 0 2 1
19:18:04 2 0 1
19:18:14 2 3 0
19:20:13 3 1 1
19:20:36 0 1 0
19:20:55 1 2 0
19:21:26 3 2 2
19:21:26 0 3 2
19:21:56 3 0 0
19:22:55 0 3 2
19:23:34 0 2 1
19:24:18 0 2 1
19:24:34 1 3 2
19:24:43 2 3 0
19:25:23 3 2 2
19:27:01 1 0 2
19:27:08 1 2 0
19:28:08 0 3 2
19:28:16 1 0 2
19:30:35 3 0 0
19:32:48 0 2 2
19:32:53 3 2 2
19:33:05 1 2 0
19:33:20 1 2 0
19:33:44 2 1 2
19:34:57 0 1 0
19:35:06 3 1 2
19:35:10 3 0 0
19:35:18 0 2 1
19:35:37 3 0 0
19:36:35 2 1 2
19:37:15 0 3 2
19:38:30 3 2 2
19:38:54 2 3 0
19:39:03 0 1 0
19:39:11 3 0 0
19:39:33 2 0 2
19:39:46 1 2 0
19:39:48 1 0 2
19:41:56 2 1 2
19:42:29 0 2 2
19:42:53 3 0 0
19:43:08 1 2 0
19:43:31 3 1 1
19:43:40 3 0 0
19:44:04 3 0 0
19:44:06 0 1 0
19:44:26 2 1 2
19:44:51 2 0 1
19:45:06 1 0 2
19:45:27 1 0 2
19:46:35 1 2 0
19:46:54 3 2 2
19:46:59 0 3 2
19:47:09 3 1 1
19:47:19 2 0 2
19:47:24 3 2 2
19:48:18 1 0 2
19:50:00 2 0 2
19:50:37 0 2 1
19:51:40 0 1 0
19:51:45 0 3 2
19:51:52 3 2 2
19:52:16 3 0 0
19:52:27 2 1 2
19:56:09 2 3 0
19:56:27 0 1 0
19:57:28 2 3 0
19:58:43 2 1 2
20:01:48 1 3 2
20:02:42 3 2 2
20:03:23 3 1 1
20:03:37 1 2 0
20:04:09 1 2 0
20:04:30 0 1 0
20:05:09 0 2 2
20:05:18 1 3 2
20:06:33 2 0 1
20:06:55 2 0 2
20:07:14 2 0 1
20:08:21 3 1 1
20:08:35 0 1 0
20:08:43 2 3 0
20:09:23 3 2 2
20:11:17 2 3 0
20:11:23 0 3 2
20:11:26 2 1 2
20:12:28 1 3 1
20:12:41 0 3 2
20:12:42 1 3 1
20:13:46 0 3 2
20:14:04 0 2 2
20:14:07 0 1 0
20:14:55 2 0 1
20:15:44 2 3 0
20:15:51 3 2 2
20:16:24 3 1 1
20:16:38 3 2 2
20:19:00 2 0 1
20:20:04 0 1 0
20:20:14 2 0 1
20:20:31 3 1 2
20:21:23 0 3 2
20:21:24 3 0 0
20:21:24 2 1 2
20:21:29 2 3 0
20:21:44 0 3 2
20:21:50 1 0 2
20:22:15 0 1 0
20:24:29 3 2 2
20:24:45 2 1 2
20:25:19 1 3 1
20:25:29 0 1 0
20:25:53 3 0 0
20:26:18 2 1 2
20:26:36 2 3 0
20:27:02 3 2 2
20:27:33 3 2 2
20:28:22 0 3 2
20:30:19 0 3 2
20:30:57 0 2 2
20:31:14 2 0 1
20:31:16 1 0 2
20:31:33 0 2 1
20:33:00 3 2 2
20:33:22 2 0 2
20:33:48 1 0 2
20:33:58 3 2 2
20:35:26 3 2 2
20:35:51 1 2 0
20:36:05 3 0 0
20:36:34 1 2 0
20:36:50 1 3 2
20:39:02 3 1 2
20:39:15 1 2 0
20:39:39 0 3 2
20:41:10 2 0 2
20:41:48 0 1 0
20:42:00 0 1 0
20:42:25 3 2 2
20:46:25 2 1 2
20:46:52 2 1 2
20:46:56 2 1 2
20:47:09 3 2 2
20:47:46 1 0 2
20:48:34 3 2 2
20:48:59 1 3 1
20:49:31 3 1 2
20:49:57 1 0 2
20:50:41 2 0 1
20:51:49 2 0 2
20:53:49 1 3 1
20:54:35 1 0 2
20:54:53 3 2 2
20:55:06 3 2 2
20:56:22 1 0 2
20:57:05 3 2 2
20:57:47 2 3 0
20:57:49 3 2 2
20:58:28 2 1 2
20:58:36 0 3 2
20:58:54 0 3 2
20:58:56 3 1 2
20:59:40 1 2 0
21:00:16 0 2 1
21:00:26 0 2 1
21:00:49 1 3 1
21:01:42 2 3 0
21:04:13 0 1 0
21:04:18 2 0 2
21:04:22 1 3 1
21:04:27 1 3 2
21:05:04 3 1 2
21:05:11 1 2 0
21:05:38 0 2 2
21:07:30 0 1 0
21:07:34 1 0 2
21:09:38 0 3 2
21:10:29 2 0 1
21:11:23 3 2 2
21:12:58 3 1 2
21:13:14 3 0 0
21:14:27 0 3 2
21:15:04 2 3 0
21:15:09 3 1 2
21:15:20 3 2 2
21:15:37 1 0 2
21:15:48 1 2 0
21:16:04 2 0 2
21:16:23 0 1 0
21:16:28 1 0 2
21:16:46 3 2 2
21:18:14 3 2 2
21:18:19 1 2 0
21:18:51 3 2 2
21:20:34 3 0 0
21:21:33 2 1 2
21:21:54 1 3 2
21:24:28 2 0 2
21:24:58 0 2 1
21:24:59 0 2 2
21:25:35 3 1 1
21:25:46 3 2 2
21:28:44 0 3 2
21:29:27 1 2 0
21:29:41 0 2 2
21:32:29 2 0 1
21:32:43 1 0 2
21:33:29 3 2 2
21:34:31 1 2 0
21:34:35 1 2 0
21:34:43 1 0 2
21:35:07 0 3 2
21:36:08 1 2 0
21:36:18 3 1 1
21:36:28 0 3 2
21:36:46 2 0 2
21:37:40 2 0 2
21:37:41 2 3 0
21:38:09 1 0 2
21:41:50 0 3 2
21:41:50 3 1 1
21:42:04 2 0 2
21:42:12 2 3 0
21:42:21 0 2 1
21:43:35 1 3 2
21:43:40 3 2 2
21:43:45 3 0 0
21:43:51 0 2 1
21:45:46 1 3 2
21:46:05 2 3 0
21:48:41 0 3 2
21:48:44 3 1 2
21:49:00 2 3 0
21:50:05 0 2 2
21:50:38 0 1 0
21:50:46 0 3 2
21:51:04 3 1 1
21:51:21 0 2 2
21:52:22 1 3 1
21:52:33 0 3 2
21:53:06 1 0 2
21:53:46 0 3 2
21:55:07 2 0 1
21:55:32 1 0 2
21:55:57 3 0 0
21:56:10 0 3 2
21:56:38 0 2 1
21:56:45 0 2 2
21:56:58 2 0 2
21:58:39 2 3 0
21:59:50 2 3 0
21:59:57 2 0 2
22:00:00 2 0 2
22:00:06 0 2 1
22:00:58 2 3 0
22:01:18 0 2 2
22:01:19 1 0 2
22:01:45 2 3 0
22:01:57 0 2 1
22:02:14 2 1 2
22:02:48 0 3 2
22:02:51 0 3 2
22:02:55 3 1 1
22:03:03 3 2 2
22:03:20 1 3 1
22:03:22 3 1 1
22:05:42 2 1 2
22:06:18 0 3 2
22:06:21 1 2 0
22:06:42 3 2 2
22:06:55 0 1 0
22:07:22 1 3 2
22:07:28 1 3 2
22:07:28 2 1 2
22:07:29 2 0 2
22:07:41 3 2 2
22:08:14 0 1 0
22:08:16 3 1 1
22:08:39 1 2 0
22:09:51 1 0 2
22:09:54 2 3 0
22:11:38 2 1 2
22:12:50 2 0 2
22:13:10 3 1 1
22:14:17 1 3 1
22:14:25 0 2 2
22:14:44 0 3 2
22:15:02 0 3 2
22:17:03 3 0 0
22:17:19 2 1 2
22:17:59 0 3 2
22:19:43 1 3 1
22:19:48 1 2 0
22:19:48 2 1 2
22:19:49 1 3 1
22:19:49 3 0 0
22:19:58 3 0 0
22:21:09 0 2 1
22:21:19 2 3 0
22:21:25 0 3 2
22:21:45 1 3 2
22:23:05 1 2 0
22:23:30 3 2 2
22:23:48 0 1 0
22:24:04 3 2 2
22:24:51 0 1 0
22:25:01 1 0 2
22:25:36 2 3 0
22:26:31 0 3 2
22:26:38 0 3 2
22:27:04 3 2 2
22:28:59 3 1 2
22:29:23 0 1 0
22:30:33 2 3 0
22:33:40 0 2 2
22:34:51 0 1 0
22:35:40 2 3 0
22:37:05 0 3 2
22:38:42 0 2 1
22:41:10 2 1 2
22:41:26 3 1 1
22:41:44 3 0 0
22:42:04 3 2 2
22:42:25 0 3 2
22:42:28 0 1 0
22:43:49 0 2 1
22:43:55 3 1 1
22:44:19 2 3 0
22:45:44 1 2 0
22:45:53 2 3 0
22:46:57 3 0 0
22:47:07 1 0 2
22:48:00 1 0 2
22:49:16 0 3 2
22:49:40 0 3 2
22:49:56 1 0 2
22:50:01 2 0 2
22:50:21 2 3 0
22:50:58 1 0 2
22:51:43 1 0 2
22:52:15 1 3 2
22:52:44 1 0 2
22:52:53 0 1 0
22:53:43 2 0 2
22:54:01 0 3 2
22:54:05 2 3 0
22:54:34 2 0 1
22:55:08 1 0 2
22:55:44 0 3 2
22:56:19 3 2 2
22:56:30 1 3 1
22:56:31 0 2 1
22:56:37 0 2 2
22:56:51 2 0 1
22:57:00 0 2 1
22:58:41 1 2 0
22:59:33 1 2 0
23:00:03 0 1 0
23:00:09 3 1 2
23:00:43 1 3 2
23:01:42 2 3 0
23:02:36 2 1 2
23:02:47 1 0 2
23:03:26 0 3 2
23:03:30 3 2 2
23:03:47 0 1 0
23:03:49 2 0 2
23:03:58 2 0 2
23:04:18 1 3 2
23:04:50 0 3 2
23:04:50 0 2 1
23:04:59 2 3 0
23:05:05 0 2 2
23:05:11 0 2 2
23:05:19 3 2 2
23:05:54 0 2 1
23:06:41 3 0 0
23:07:13 1 0 2
23:10:05 3 0 0
23:10:56 2 1 2
23:11:32 1 3 2
23:11:38 1 3 1
23:13:00 3 1 2
23:13:45 2 1 2
23:14:17 1 3 2
23:15:24 2 1 2
23:16:21 3 0 0
23:17:14 0 3 2
23:17:33 3 1 2
23:17:53 0 3 2
23:18:12 3 0 0
23:19:53 2 3 0
23:20:11 1 2 0
23:21:47 2 3 0
23:22:03 1 0 2
23:22:35 1 3 2
23:24:08 1 2 0
23:24:40 1 0 2
23:24:52 3 1 1
23:24:54 0 2 2
23:25:52 1 2 0
23:26:12 2 1 2
23:28:00 3 2 2
23:28:52 1 2 0
23:30:17 2 3 0
23:30:39 2 1 2
23:30:45 3 1 2
23:30:48 1 0 2
23:30:53 2 0 2
23:31:47 0 3 2
23:33:04 1 3 2
23:34:49 0 1 0
23:35:54 3 1 1
23:35:56 0 1 0
23:36:02 0 1 0
23:37:26 2 1 2
23:37:45 0 2 2
23:38:24 2 1 2
23:38:44 3 0 0
23:39:25 1 0 2
23:39:56 0 2 1
23:41:48 2 1 2
23:42:02 2 3 0
23:42:06 0 1 0
23:42:11 0 2 2
23:42:37 1 2 0
23:43:05 2 1 2
23:43:20 3 0 0
23:46:32 0 3 2
23:47:34 1 2 0
23:49:34 3 0 0
23:50:05 1 0 2
23:50:23 0 2 2
23:50:26 2 3 0
23:51:13 3 0 0
23:51:27 2 1 2
23:52:08 2 3 0
23:52:25 1 3 1
23:52:31 0 3 2
23:52:48 2 3 0
23:54:01 0 3 2
23:54:13 2 1 2
23:54:24 0 3 2
23:54:29 2 0 1
23:54:44 0 3 2
23:54:53 2 0 2
23:55:12 2 0 2
23:56:04 0 1 0
23:56:23 1 2 0
23:58:07 0 1 0
23:58:58 0 2 1
23:59:57 2 0 2
