Poczatkowy czas oczekiwania: 60.9
Czas oczekiwania: 16.5
        0      1      2      3      4      5      6      7      8      9      10      11      12      13      14      15      16      17      18      19      20      21      22      23      
0.      5      9      9      9      9      9      9      9      9      9      9      9      9      9      9      9      9      9      9      9      9      9      9      9      
1.      28      9      9      9      9      9      9      9      9      9      9      9      9      9      9      9      9      9      9      9      9      9      9      9      
2.      16      9      9      9      9      9      9      9      9      9      9      9      9      9      9      9      9      9      9      9      9      9      9      9      
3.      24      9      9      9      9      9      9      9      9      9      9      9      9      9      9      9      9      9      9      9      9      9      9      9      
4.      15      9      9      9      9      9      9      9      9      9      9      9      9      9      9      9      9      9      9      9      9      9      9      9      
5.      13      9      9      9      9      9      9      9      9      9      9      9      9      9      9      9      9      9      9      9      9      9      9      9      
6.      14      9      9      9      9      9      9      9      9      9      9      9      9      9      9      9      9      9      9      9      9      9      9      9      
7.      9      9      9      9      9      9      9      9      9      9      9      9      9      9      9      9      9      9      9      9      9      9      9      9      
