Poczatkowy czas oczekiwania: 18.5536666667
Czas oczekiwania: 18.1593333333
        0      1      2      3      4      5      6      7      8      9      10      11      12      13      14      15      16      17      18      19      20      21      22      23      
0.      9      9      9      9      9      9      10      9      9      9      9      9      9      9      9      9      9      9      9      9      8      9      9      9      
1.      8      10      9      9      9      9      9      9      9      9      9      9      9      9      9      9      9      9      9      9      9      9      9      9      
2.      8      9      9      9      9      9      10      9      9      9      9      9      9      9      9      9      9      9      9      9      9      9      9      9      
3.      10      9      9      9      9      9      9      9      9      9      9      9      9      9      9      9      9      9      9      9      9      9      8      10      
4.      9      9      9      9      9      9      9      9      9      9      9      9      9      9      9      9      9      9      9      9      9      9      9      9      
5.      9      8      9      9      9      9      9      9      9      9      9      9      9      9      9      9      9      9      10      9      8      9      10      9      
6.      9      9      9      9      9      9      9      9      9      9      8      9      9      9      9      9      9      9      9      9      9      9      9      9      
7.      8      9      9      9      9      9      9      9      9      9      9      9      9      9      9      9      10      10      9      9      9      9      8      9      
